0.158449 82
21.555377 10
2.423884 11
1.384594 65
0.390289 87
0.000260 43
0.001703 39
1.689318 54
0.003692 57
1.768522 76
0.041885 113
0.676107 12
0.000656 69
0.513294 12
0.000498 72
0.311828 67
0.206901 12
0.000541 71
0.948939 81
0.188655 81
1.866389 12
0.000197 71
1.045934 12
0.000423 72
1.035573 12
0.000523 72
0.917278 12
0.000385 72
0.999791 12
0.000368 72
0.999427 12
0.000378 72
1.001657 12
0.000303 72
0.998736 12
0.000592 72
0.999514 12
0.000256 72
1.001504 12
0.000153 73
0.997736 12
0.000997 73
1.000178 12
0.000311 73
1.000430 12
0.000428 73
1.006985 12
0.004545 73
0.989257 12
0.001487 73
1.051527 12
0.001982 73
1.143172 12
0.000837 73
0.813247 12
0.000142 73
0.991291 12
0.000686 73
0.996607 12
0.000144 73
1.000465 12
0.000106 73
0.999743 12
0.000144 73
1.015018 12
0.001526 73
0.983033 12
0.000379 73
1.001843 12
0.000393 73
0.999708 12
0.000512 73
0.999232 12
0.000573 73
1.114239 12
0.002452 73
0.887366 12
0.000119 73
0.999857 12
0.000062 73
0.999039 12
0.000072 73
1.001536 85
0.998122 85
1.000628 12
0.000743 73
1.001494 12
0.000139 73
1.000761 12
0.000255 73
0.994831 12
0.000239 73
1.002774 12
0.000608 73
0.997579 12
0.000283 73
1.000588 12
0.000149 73
1.027375 12
0.001901 73
0.970900 12
0.000484 73
0.998003 12
0.000158 73
0.999327 12
0.000477 73
0.998917 12
0.000427 73
1.004141 12
0.000161 73
1.000434 12
0.000562 73
0.995985 12
0.000582 73
0.999229 12
0.000177 73
1.002620 12
0.004835 73
0.989983 12
0.000189 73
1.006604 12
0.000483 73
1.060709 12
0.001053 73
0.931663 12
0.000536 73
0.996768 12
0.000328 73
0.998991 12
0.000220 73
1.002024 12
0.000214 73
0.998705 12
0.000218 73
1.001162 12
0.000201 73
0.996952 12
0.000306 73
0.999976 12
0.000198 73
1.000197 12
0.000184 73
1.001372 12
0.000184 73
0.998327 12
0.000171 73
1.092466 12
0.001496 73
1.151758 12
0.000064 73
0.754823 12
0.001615 73
1.014201 12
0.000440 73
1.092076 12
0.000141 73
0.894905 12
0.000193 73
1.010184 12
0.000993 73
0.983873 12
0.000146 73
1.129260 12
0.000107 73
1.043628 12
0.001505 73
0.823037 12
0.000244 73
0.999023 12
0.000471 73
1.002670 12
0.000754 73
1.003155 12
0.004240 73
0.992842 12
0.000993 73
0.997404 12
0.000161 73
1.028733 12
0.000204 73
0.969324 12
0.000177 73
0.999656 12
0.000178 73
1.005204 12
0.000678 73
0.994038 12
0.000180 73
1.001545 12
0.000913 73
1.017046 12
0.000213 73
0.995223 12
0.000233 73
0.983792 12
0.000656 73
0.559379 12
0.000396 73
0.001078 12
0.000660 60
3.302278 84
0.189298 51
2.465344 33
0.714744 33
0.810945 33
1.641221 12
0.000244 21
6.348187 12
0.093797 61
0.128852 80
6.404535 76
0.951075 68
0.147691 73
0.000526 33
0.193881 38
0.131110 56
0.590008 58
2.016263 32
0.823846 78
0.590580 46
0.000666 87
78.579703 162
3.088756 13
0.000204 2
0.000368 59
0.000025 2
0.984263 74
1.100034 84
1.860521 44
0.040069 56
0.282544 454
0.008434 38
4.483193 69
99.632576 48
1.022086 69
0.369828 64
0.000420 53
0.001502 59
0.002297 53
0.001712 53
0.001236 53
0.001381 53
0.000138 106
0.000309 53
0.000017 53
2.348633 51
1.165983 384
1.594173 56
1.028572 971
0.072657 89
0.495268 101
0.295108 258
0.327861 51
0.135954 49
2.694986 52
0.015563 47
0.000686 54
17.725866 44
0.084208 51
0.005501 79
0.005323 95
0.036290 107
0.267945 77
0.096263 101
0.001012 102
0.001639 100
0.002228 102
0.000172 103
0.000150 92
0.000140 107
0.000144 110
0.000387 105
0.000246 107
0.000213 108
0.000199 51
0.000178 84
0.000190 83
0.000166 81
0.000164 83
0.000156 83
0.000167 123
0.000164 112
0.000154 119
0.000530 104
0.000175 102
0.000250 114
0.000173 106
0.000130 107
0.000135 110
0.000135 110
0.000126 107
0.000147 105
0.000136 111
0.000360 117
0.000157 118
0.000102 111
0.000132 117
0.000142 109
0.000133 115
0.000128 120
0.000131 109
0.000137 109
0.000128 107
0.000137 102
0.000145 103
0.000153 112
0.000133 85
0.000135 117
0.000128 82
0.000133 105
0.000130 93
0.000165 51
0.000138 78
0.000372 108
0.489113 104
0.000171 108
0.000118 110
0.006277 405
0.096523 1533
0.027696 757
0.013561 88
0.087592 244
0.185601 109
0.000277 79
0.000286 81
0.000164 80
0.000213 82
0.000169 80
0.000180 78
0.000149 84
0.000167 93
0.000159 87
0.000171 118
0.000141 111
0.000166 93
0.000138 82
0.000161 105
0.000155 51
0.000157 80
0.000573 119
0.000178 82
0.000147 90
0.000268 121
0.143943 112
0.047471 813
0.095771 459
0.403272 56
0.127993 81
0.005199 2
0.050217 129
0.487003 74
0.321936 51
0.083280 102
0.000076 27
0.000215 34
0.000080 35
0.000485 67
0.000086 79
0.000088 31
0.000114 60
0.000085 50
0.000082 53
0.000087 33
0.000082 56
0.000082 43
0.000080 33
0.000080 41
0.000079 31
0.000080 47
0.000127 46
0.000109 73
0.000082 32
0.000081 37
0.000084 69
0.000083 77
0.000084 66
0.000078 40
0.006393 1504
0.215064 51
0.079729 2811
0.232215 51
0.074545 64
0.000079 52
0.000101 47
0.000087 54
2.690065 44
0.061818 49
0.002385 2
0.001017 75
0.000224 2
0.001853 99
0.000248 2
0.474440 102
0.087058 98
0.000910 2
0.004501 102
0.004221 101
0.000017 2
0.003693 90
0.000017 2
0.000443 105
0.000013 2
0.000521 108
0.000012 2
0.000096 103
0.000010 2
0.000131 105
0.000011 2
0.000111 106
0.000011 2
0.000088 49
0.000010 2
0.000091 80
0.000010 2
9.634075 84
0.057335 83
0.000444 81
0.000476 83
0.000435 85
0.000693 117
0.000491 51
0.000460 108
0.175100 56
0.097523 22
0.000730 43
0.091048 22
0.005459 102
0.002381 1478
3.295633 293
0.903924 88
0.120900 102
0.000196 97
0.000154 86
0.051532 51
0.000174 104
0.000161 85
0.000902 164
0.166839 47
5.259042 46
0.588815 48
0.000457 41
2.286256 101
0.331589 101
0.420486 101
0.179046 101
0.476397 101
1.378844 101
47.798702 101
0.724662 101
0.418860 101
0.313916 101
0.356216 101
1.101061 101
0.373543 101
0.019864 101
0.541789 101
0.335957 101
0.000172 22
0.000143 32
0.000251 48
0.000139 22
0.000225 43
0.000144 53
0.000158 53
0.000058 2
0.000415 52
0.005208 2
0.001937 241
0.004757 53
3.790892 51
0.121796 64
0.000521 52
0.004423 47
0.001311 54
0.238037 44
0.046916 51
0.000188 82
0.472547 56
0.175868 22
0.004254 43
0.000105 22
0.001338 102
0.005611 101
0.000059 102
0.000167 33
0.000484 101
0.000059 22
0.000211 41
0.000090 102
0.000152 40
0.000175 22
0.000116 48
0.000113 43
0.000131 43
1.925016 47
0.102037 135
0.774428 101
0.361331 261
15.337180 107
0.004682 101
0.000892 101
0.001870 101
0.000127 101
0.749068 105
0.329539 111
0.199321 98
0.908325 66
0.000050 2
0.000365 55
0.000068 2
0.000268 64
0.004072 24
0.313266 100
0.126930 100
0.125258 100
0.085051 100
0.095847 100
0.087265 100
0.004388 196
0.054591 98
0.028373 98
0.156934 588
0.031904 98
0.080942 98
0.095231 98
0.107777 98
0.004345 98
0.025872 98
0.004312 98
0.045274 98
0.129256 96
0.002784 2
0.010499 98
0.004835 98
0.002930 98
0.004465 98
0.000313 98
0.000132 98
0.000626 98
0.000501 98
0.000211 98
0.005021 98
0.005454 98
0.009120 98
0.012611 392
0.021309 98
0.192107 294
0.059425 98
0.003705 98
0.003003 98
0.003937 98
0.000810 98
0.054906 98
0.005582 196
0.000311 98
0.000196 98
0.000673 98
0.000530 196
0.000537 196
0.000209 98
0.001409 98
0.023784 686
0.028244 98
0.003615 98
0.006856 98
0.035610 98
0.003922 98
0.006816 98
0.001393 98
0.005987 98
0.129082 96
0.000325 2
0.002125 98
0.008793 98
0.010930 98
0.067488 98
0.008823 98
0.005833 98
0.000023 98
0.002481 196
0.001000 98
0.124747 98
0.008478 98
0.004578 98
0.003230 98
0.030073 98
0.009880 98
0.132005 98
0.078357 96
0.000022 2
0.117277 98
0.000722 98
0.082139 98
0.010862 98
0.004108 98
0.000821 98
0.000496 98
0.000476 98
0.000412 98
0.060766 98
0.044624 96
0.000759 2
0.008392 98
0.000329 98
0.311450 98
0.099778 98
0.026449 96
0.009370 2
0.002804 98
0.001251 196
0.000507 294
0.000400 98
0.005641 98
0.091984 98
0.153024 98
0.021415 98
0.000333 98
0.000839 98
0.098697 98
0.001551 196
0.166338 98
0.023500 1176
0.076897 196
0.032286 98
0.009170 98
0.001884 98
0.000670 98
0.005533 98
0.007660 98
0.000631 98
0.000442 98
0.000127 98
0.000114 98
0.000112 98
0.000112 98
0.000395 98
0.000276 98
0.000115 98
0.044617 98
0.089973 98
0.009636 294
0.015994 294
0.039466 294
0.063573 98
0.010618 98
0.120919 294
0.057859 98
0.122505 96
0.000097 2
0.016758 96
0.000020 2
0.000198 96
0.000040 2
0.000138 96
0.000011 2
0.000105 96
0.000010 2
0.000093 96
0.000010 2
0.000090 96
0.000010 2
0.097852 686
0.018533 98
0.093941 98
0.020433 98
0.007214 98
0.011189 294
0.017169 98
0.015584 196
0.033256 490
0.006276 784
0.001548 96
0.000017 2
0.006072 96
0.000019 2
0.000158 96
0.000012 2
0.127972 98
0.001479 98
0.009465 98
0.099892 98
0.058572 98
0.002708 784
0.074283 98
0.021594 980
0.061977 588
0.051463 686
0.001044 196
0.001981 1078
0.000724 392
0.003010 882
0.128464 98
0.006905 98
0.091025 98
0.166972 98
0.051930 98
0.005008 96
0.013198 2
0.011380 196
0.017458 98
0.000286 98
0.000244 98
0.000221 98
0.000214 98
0.000946 98
0.000235 98
0.000216 98
0.000201 98
0.000218 98
0.000245 98
0.000196 98
0.041966 196
0.021657 294
0.037741 98
0.001162 98
0.068125 98
0.002477 98
0.001094 98
0.000126 98
0.000902 98
0.096121 194
0.013549 100
0.000242 98
0.000252 98
0.000196 98
0.000310 98
0.000167 98
0.000320 98
0.000195 98
0.000223 98
0.000198 98
0.000320 97
0.000201 97
0.000180 97
0.000193 97
0.000193 97
0.000596 97
0.000116 97
0.000125 97
0.000120 97
0.000267 97
0.000112 97
0.000129 97
0.000125 97
0.000121 97
0.000551 97
0.000941 97
0.000169 97
0.000142 97
0.015051 97
0.093284 97
0.020980 97
0.000994 291
0.001076 97
0.000384 97
0.000822 97
0.000453 97
0.000686 97
0.000537 97
0.000376 97
0.000713 194
0.000365 97
0.003327 194
0.015202 194
0.000992 194
0.000613 97
0.096691 485
0.074502 97
0.000264 97
0.000347 97
0.000443 97
0.000281 97
0.000173 97
0.009805 97
0.000680 97
0.626928 95
0.000009 2
0.028383 97
0.000135 97
0.000118 97
0.000732 97
0.000081 97
0.001157 97
0.006328 97
0.006307 97
0.002598 97
0.006665 97
0.004203 97
0.004278 97
0.005853 97
0.009386 97
0.030026 97
0.000152 97
0.004740 97
0.005932 97
0.004336 97
0.000626 97
0.000202 97
0.000216 97
0.000455 97
0.000146 97
0.000217 97
0.000525 97
0.000326 97
0.000314 97
0.000245 97
0.000221 97
0.000796 97
0.000138 97
0.000326 97
0.000357 97
0.000242 97
0.000197 97
0.000269 97
0.000271 97
0.000234 97
0.000231 95
0.000017 2
0.000247 95
0.000018 2
0.000482 95
0.000022 2
0.000355 95
0.000069 2
0.001171 97
0.001133 97
0.000244 97
0.000235 97
0.000291 97
0.000121 97
0.000738 97
0.000503 97
0.000436 97
0.001431 97
0.000834 97
0.000454 97
0.000820 97
0.000242 97
0.006684 97
0.078706 194
0.001431 291
0.000198 97
0.000857 97
0.008327 582
0.007267 97
0.015337 291
0.053133 485
0.030399 97
0.014046 97
0.000127 97
0.045335 97
0.001723 97
0.000816 97
0.000684 97
0.000161 97
0.000174 97
0.000250 97
0.000109 97
0.034640 97
0.001185 97
0.000205 97
0.000203 97
0.000201 97
0.036080 97
0.022290 97
0.000400 97
0.010963 97
0.013008 97
0.017385 97
0.000317 97
0.000574 97
0.000219 97
0.000760 97
0.000277 97
0.000273 97
0.000239 97
0.000708 97
0.000272 97
0.000281 97
0.005763 97
0.001950 97
0.001449 97
0.001588 97
0.000318 97
0.001413 97
0.000141 97
0.116552 97
0.017321 97
0.000760 97
0.000552 97
0.000634 97
0.000696 97
0.003865 97
0.000214 97
0.000194 97
0.001245 97
0.001188 97
0.001327 95
0.000045 2
0.001730 95
0.000017 2
0.003394 95
0.000016 2
0.001502 95
0.000015 2
0.000790 95
0.000016 2
0.001317 95
0.000016 2
0.113186 97
0.006289 97
0.008049 97
0.006160 97
0.001674 97
0.006338 97
0.013796 97
0.004228 97
0.034853 97
0.004742 97
0.001723 97
0.072405 291
0.068557 194
0.000863 97
0.004770 291
0.018726 97
0.002791 97
0.003742 97
0.000179 97
0.002141 97
0.002870 97
0.027393 194
0.004522 97
0.001507 97
0.006452 679
0.001403 194
0.003489 97
0.004283 97
0.000088 97
0.009739 194
0.104678 97
0.098202 97
0.014339 582
0.007068 291
0.058784 97
0.000055 97
0.000090 97
0.000130 97
0.000021 97
0.000102 97
0.002096 97
0.141193 97
0.000100 97
0.000090 97
0.106053 95
0.000069 2
0.062974 97
0.016888 97
0.015541 97
0.000884 194
0.065738 95
0.000255 2
0.003665 97
0.025347 194
0.015284 291
0.048107 194
0.050957 485
0.004869 97
0.002345 97
0.010836 194
0.074109 291
0.008771 97
0.049362 97
0.000533 97
0.001269 97
0.004161 97
0.022694 194
0.053404 582
0.037691 97
0.000875 97
0.016623 97
0.011576 97
0.000686 97
0.000354 97
0.000853 97
0.000103 97
0.014828 194
0.051961 97
0.027971 97
0.001527 194
0.058607 97
0.013300 97
0.019221 95
0.001826 2
0.051163 97
0.000492 97
0.000448 97
0.000062 97
0.000316 97
0.000137 97
0.000321 97
0.000345 97
0.000487 97
0.000330 97
0.000134 97
0.000140 97
0.007521 97
0.000426 97
0.012899 97
0.688651 97
0.034071 388
0.032802 1067
0.001946 97
0.034058 97
0.000271 97
0.009109 97
0.008095 97
0.003874 97
0.001517 97
0.003284 97
0.018024 97
0.018147 97
0.026859 97
0.000227 97
0.018359 97
0.013190 97
0.001658 194
0.000134 97
0.000530 97
0.020692 97
0.005387 97
0.050295 97
0.012119 97
0.114222 97
0.048957 3007
0.025995 97
0.042766 97
0.048196 97
0.000546 97
0.001346 97
0.001289 97
0.000323 97
0.000251 97
0.000354 97
0.013528 97
0.000181 97
0.000154 97
0.000645 97
0.000134 97
0.000714 97
0.000279 97
0.000229 97
0.001407 97
0.000542 97
0.012954 97
0.000627 97
0.003868 97
0.000562 97
0.000285 97
0.002354 97
0.000813 97
0.000743 97
0.007410 97
0.031006 97
0.017143 97
0.056503 97
0.000236 97
0.000500 97
0.000433 97
0.000286 97
0.000236 97
0.000281 97
0.009290 97
0.000426 97
0.004194 97
0.001544 97
0.003671 97
0.013638 97
0.040514 97
0.303925 97
0.116670 97
0.052840 95
0.000248 2
0.002836 95
0.000257 2
0.000548 95
0.000218 2
0.002617 95
0.000232 2
0.000442 95
0.000224 2
0.002284 95
0.011786 2
0.037563 1261
0.027130 97
0.000163 97
0.000167 97
0.000166 97
0.000237 97
0.014357 97
0.012890 97
0.000133 97
0.082273 97
0.000712 97
0.019671 97
0.014316 653
0.489450 111
0.169382 98
0.825723 68
0.001473 57
0.000205 66
0.000165 22
0.338441 100
0.183670 100
0.129065 100
0.110238 100
0.091867 100
0.083008 99
0.187751 493
0.074286 98
0.210248 490
0.009553 98
0.005438 98
0.010169 196
0.129667 392
0.000208 96
0.000012 2
0.094603 294
0.135613 98
0.014752 588
0.111056 98
0.024409 98
0.077395 392
0.007913 392
0.017552 96
0.002556 2
0.104894 98
0.000224 98
0.007056 98
0.130746 98
0.005035 98
0.011538 196
0.003426 98
0.064349 98
0.005781 98
0.007300 98
0.004367 98
0.006997 98
0.030135 196
0.022189 392
0.013036 686
0.118651 98
0.010291 196
0.000020 294
0.009928 98
0.009388 98
0.092575 98
0.002321 196
0.033663 98
0.126366 98
0.007974 98
0.010248 294
0.039688 98
0.011315 98
0.003258 98
0.038750 98
0.011658 196
0.001010 98
0.010338 196
0.002221 196
0.023954 98
0.062996 98
0.007264 294
0.046604 98
0.040882 882
0.014340 196
0.010040 392
0.000072 98
0.056939 98
0.004861 98
0.005387 98
0.037233 196
0.093406 196
0.007244 98
0.076328 882
0.183860 98
0.003540 98
0.054099 98
0.046113 196
0.009054 98
0.123515 98
0.009946 98
0.010250 98
0.057909 98
0.012523 294
0.000016 98
0.103702 98
0.012599 98
0.000908 98
0.007885 98
0.000137 98
0.013400 98
0.012568 98
0.003502 98
0.041635 98
0.031904 98
0.000029 294
0.000876 98
0.000559 98
0.012467 98
0.003723 98
0.003363 98
0.003033 98
0.011256 98
0.003597 98
0.009134 98
0.001759 98
0.011490 98
0.083569 98
0.034937 98
0.000978 98
0.038137 294
0.151116 98
0.030025 490
0.021055 588
0.049997 294
0.178505 294
0.037294 588
0.028501 98
0.044450 98
0.020429 98
0.025762 98
0.110651 784
0.004400 98
0.014236 196
0.008584 196
0.067721 98
0.022708 294
0.026169 392
0.029018 98
0.046483 98
0.012188 882
0.013169 98
0.039360 490
0.028992 98
0.007612 196
0.006701 98
0.008632 98
0.040963 392
0.013013 98
0.058766 784
0.000634 98
0.026217 490
0.057819 882
0.007924 96
0.000140 2
0.008722 96
0.000024 2
0.003407 96
0.000027 2
0.000980 96
0.000167 2
0.001740 96
0.000026 2
0.001522 96
0.000038 2
0.005247 96
0.000032 2
0.001988 96
0.000024 2
0.001486 96
0.000022 2
0.000522 96
0.000127 2
0.000164 96
0.000017 2
0.094274 98
0.000738 98
0.001394 98
0.024870 98
0.001585 98
0.000223 98
0.007151 98
0.000828 98
0.000132 98
0.000323 97
0.000149 97
0.000130 97
0.000126 97
0.000605 97
0.000096 97
0.000126 97
0.000112 97
0.000350 97
0.000150 97
0.031145 291
0.074785 97
0.000995 97
0.000106 97
0.000185 97
0.010226 97
0.000134 97
0.000139 97
0.000116 97
0.000119 97
0.000301 97
0.000481 97
0.082519 97
0.063356 1358
0.003975 97
0.000311 194
0.000541 97
0.000251 97
0.046251 97
0.009434 291
0.028832 291
0.096046 97
0.012207 485
0.001901 97
0.018476 388
0.039891 97
0.000547 194
0.000728 97
0.248724 97
0.184823 97
0.010906 97
0.000205 97
0.008593 97
0.001408 97
0.003238 97
0.004728 97
0.041035 97
0.017057 97
0.000749 97
0.065588 95
0.000544 2
0.060609 388
0.004877 97
0.000319 97
0.015033 97
0.013002 97
0.014972 97
0.008400 97
0.018259 582
0.003743 388
0.009128 291
0.026816 97
0.000429 97
0.000865 97
0.000997 97
0.061766 97
0.000394 194
0.013974 1552
0.122914 679
0.008631 97
0.013660 97
0.033298 97
0.013564 97
0.000024 291
0.063477 97
0.001177 97
0.001657 97
0.000310 97
0.000367 97
0.000517 97
0.000796 97
0.000570 97
0.000327 97
0.000490 97
0.013189 97
0.000582 97
0.001054 97
0.000781 97
0.000669 97
0.000440 97
0.000325 97
0.001484 97
0.000403 97
0.450680 95
0.000057 2
0.000109 95
0.000011 2
0.013952 95
0.000020 2
0.000101 95
0.000011 2
0.000089 95
0.000011 2
0.000085 95
0.000010 2
0.000130 95
0.000011 2
0.000089 95
0.000011 2
0.000083 95
0.000010 2
0.000081 95
0.000010 2
0.000082 95
0.000010 2
0.000081 95
0.000010 2
0.000083 95
0.000010 2
0.002611 95
0.000019 2
0.007973 95
0.000019 2
0.055014 194
0.009203 95
0.000024 2
0.000190 95
0.000011 2
0.007118 97
0.009431 97
0.010624 97
0.058729 194
0.011979 97
0.015292 97
0.048623 194
0.009788 97
0.016480 95
0.000236 2
0.000139 95
0.000011 2
0.000101 95
0.000010 2
0.011741 194
0.041927 97
0.013250 97
0.006608 194
0.004500 97
0.008566 97
0.055353 97
0.037321 194
0.001482 97
0.012286 97
0.028181 95
0.000738 2
0.050722 95
0.000344 2
0.007024 582
0.000973 95
0.002136 2
0.002766 582
0.002894 97
0.008823 291
0.001290 97
0.015509 291
0.113461 1649
0.031177 485
0.030848 388
0.001536 388
0.060632 97
0.014526 388
0.053133 194
0.069643 679
0.006458 97
0.006600 194
0.017051 97
0.001673 97
0.043575 97
0.017908 97
0.126327 1940
0.010026 95
0.000344 2
0.001753 97
0.005802 97
0.051161 97
0.013371 97
0.000857 194
0.006248 97
0.008367 194
0.007991 97
0.036252 388
0.041145 194
0.019493 1649
0.107000 97
0.066175 97
0.029099 1455
0.007297 97
0.024958 97
0.023914 1259
0.000050 2
0.104560 97
0.007632 194
0.001116 97
0.050464 97
0.002343 291
0.027203 291
0.034771 679
0.022716 776
0.042399 97
0.105145 97
0.005402 97
0.133142 582
0.011567 97
0.027210 97
0.007340 95
0.001045 2
0.009450 388
0.042728 192
0.000026 2
0.001059 97
0.000517 97
0.006236 97
0.005206 97
0.004484 97
0.107669 97
0.012927 291
0.007376 97
0.005876 97
0.008634 194
0.044189 97
0.012546 194
0.005921 194
0.143640 679
0.566152 291
0.048003 1649
0.051531 97
0.013305 97
0.007179 95
0.000814 2
0.000785 97
0.001464 97
0.000821 97
0.000723 97
0.060353 485
0.050959 97
0.049541 97
0.005593 873
0.003579 776
0.004217 194
0.003662 97
0.003745 97
0.053249 873
0.004276 354
0.067163 105
0.007836 111
0.190959 98
0.831310 68
0.000162 57
0.000304 66
0.007612 22
0.299390 99
0.185731 100
0.110135 100
0.072882 100
0.093416 99
0.081390 100
0.008333 98
0.065012 98
0.024090 98
0.121167 98
0.000219 98
0.000520 98
0.000117 98
0.016300 98
0.169091 98
0.009865 98
0.003952 98
0.004058 98
0.006952 98
0.170381 98
0.075986 98
0.010085 98
0.049561 98
0.085007 98
0.068178 98
0.010697 98
0.000290 98
0.000104 98
0.000259 98
0.000849 98
0.006502 98
0.041049 196
0.014972 98
0.011042 98
0.002274 98
0.000424 98
0.102573 98
0.007559 98
0.000550 196
0.004614 294
0.066931 196
0.234503 98
0.001231 98
0.021026 98
0.024449 98
0.026535 196
0.016470 882
0.003766 294
0.013840 98
0.127049 98
0.078344 98
0.080567 98
0.000695 98
0.029455 294
0.083310 686
0.000202 98
0.000589 98
0.045456 392
0.021639 98
0.017260 98
0.055364 98
0.000725 98
0.009278 98
0.007948 98
0.035450 98
0.166635 98
0.009056 98
0.000306 98
0.040293 98
0.119972 98
0.048349 98
0.000972 490
0.000567 98
0.016882 98
0.027062 490
0.084407 98
0.075431 294
0.043274 98
0.089313 980
0.026740 2058
0.017389 98
0.011936 294
0.145033 196
0.013303 686
0.053936 98
0.108008 98
0.031171 98
0.054954 196
0.004148 392
0.027830 784
0.006313 196
0.012496 294
0.038712 98
0.004876 98
0.025685 392
0.109081 588
0.011613 294
0.000649 196
0.000628 196
0.004913 294
0.101768 98
0.147525 98
0.078856 98
0.008849 98
0.108072 98
0.090192 98
0.062991 98
0.001078 196
0.000100 98
0.006287 96
0.000606 2
0.003627 98
0.003381 98
0.014049 98
0.004306 98
0.002406 98
0.012113 98
0.032538 98
0.022475 98
0.000525 98
0.006942 98
0.009603 98
0.006480 98
0.003771 98
0.020139 196
0.099584 98
0.001564 98
0.004694 98
0.003970 98
0.000254 98
0.020464 98
0.000748 98
0.087790 98
0.017029 196
0.013211 784
0.019388 98
0.065001 2156
0.060045 98
0.066611 98
0.017910 98
0.000263 98
0.000187 98
0.034165 98
0.010126 98
0.000359 98
0.000240 98
0.000169 98
0.004641 98
0.004787 98
0.014080 98
0.024645 98
0.000600 98
0.000286 98
0.000165 98
0.000148 98
0.000215 98
0.000117 98
0.000138 98
0.000756 98
0.000083 98
0.000390 98
0.029025 98
0.009760 98
0.001902 98
0.000130 98
0.008119 98
0.000435 98
0.000738 98
0.035734 97
0.024576 98
0.119981 98
0.003618 98
0.001327 98
0.000277 97
0.000179 97
0.002438 97
0.001631 97
0.000472 95
0.000015 2
0.013155 97
0.004953 97
0.003149 97
0.137374 97
0.006288 194
0.015310 97
0.058992 97
0.019030 97
0.000042 97
0.000059 97
0.067913 291
0.008739 485
2.309762 98
0.012769 784
0.061028 98
0.003427 98
0.000276 98
0.000207 98
0.000228 98
0.000191 98
0.000555 98
0.000227 98
0.000192 98
0.000177 98
0.000388 98
0.000305 98
0.000185 98
0.000235 98
0.000181 98
0.000315 98
0.000188 98
0.000177 98
0.000181 98
0.000179 98
0.000224 98
0.000200 98
0.000165 98
0.000167 98
0.000173 98
0.000175 98
0.000182 98
0.090769 98
0.000388 98
0.003311 98
0.088500 98
0.004309 98
0.015744 98
0.029137 196
0.012781 98
0.052636 98
0.017945 882
0.015117 98
0.005341 293
0.018319 97
0.003197 194
0.025261 97
0.007489 97
0.024751 291
0.000999 97
0.043335 194
0.019176 97
0.000328 97
0.000461 97
0.060017 194
0.008179 97
0.012721 97
0.015322 776
0.003140 97
0.004633 97
0.005173 97
0.003722 194
0.079365 97
0.025383 97
0.014106 194
0.017494 95
0.000037 2
0.000814 95
0.000048 2
0.001238 95
0.000033 2
0.001224 95
0.000033 2
0.003815 95
0.000045 2
0.000313 95
0.000026 2
0.000237 95
0.000019 2
0.000157 95
0.000062 2
0.000174 95
0.000020 2
0.000164 95
0.000020 2
0.000216 95
0.000022 2
0.000223 95
0.000020 2
0.000211 95
0.000021 2
0.000158 95
0.000020 2
0.000307 95
0.000021 2
0.000162 95
0.000019 2
0.000148 95
0.000020 2
0.000141 95
0.000019 2
0.000139 95
0.000019 2
0.000163 95
0.000021 2
0.000143 95
0.000019 2
0.000324 95
0.000019 2
0.000530 95
0.000022 2
0.047319 97
0.020369 97
0.028895 97
0.021786 194
0.010146 194
0.037507 194
0.026264 95
0.000045 2
0.051443 97
0.086067 97
0.013047 97
0.003141 582
0.000274 97
0.000273 97
0.000317 97
0.000072 97
0.000241 97
0.001043 97
0.001068 97
0.000264 97
0.034695 97
0.003143 388
0.046045 194
0.031785 776
0.005909 97
0.000703 194
0.075986 485
0.014413 97
0.004731 194
0.020012 194
0.004440 97
0.037667 97
0.054989 485
0.000199 97
0.001696 97
0.032764 97
0.000177 97
0.000198 97
0.020917 97
0.000181 97
0.000124 97
0.000435 97
0.038295 97
0.001707 97
0.000147 97
0.033038 97
0.033717 97
0.000245 97
0.000170 97
0.000178 97
0.000254 97
0.000193 97
0.007606 97
0.000349 97
0.000195 97
0.000186 97
0.000196 97
0.048772 97
0.000095 97
0.000604 97
0.000168 97
0.004763 97
0.005141 97
0.007429 97
0.053384 95
0.000016 2
0.001727 95
0.000014 2
0.000778 95
0.000012 2
0.091427 97
0.002122 97
0.019342 679
0.040867 97
0.052190 194
0.014332 97
0.027327 97
0.001436 97
0.000353 97
0.000292 97
0.000084 97
0.000458 97
0.000279 97
0.000319 97
0.000074 97
0.000411 97
0.000279 97
0.000261 97
0.014710 97
0.012501 97
0.001139 97
0.000114 97
0.000836 97
0.004909 97
0.004152 194
0.034675 97
0.001695 291
0.038112 97
0.017989 97
0.029143 291
0.002940 873
0.001359 97
0.006939 194
0.013519 97
0.027461 97
0.027187 97
0.070493 873
2.312736 97
0.042286 1358
0.000135 95
0.000012 2
0.000093 95
0.000011 2
0.000101 95
0.000010 2
0.000089 95
0.000010 2
0.000107 95
0.000010 2
0.000116 95
0.000010 2
0.000137 95
0.000010 2
0.000102 95
0.000011 2
0.000099 95
0.000011 2
0.000090 95
0.000010 2
0.000090 95
0.000010 2
0.000091 95
0.000010 2
0.000339 95
0.000013 2
0.000101 95
0.000010 2
0.000087 95
0.000011 2
0.000101 95
0.000010 2
0.000091 95
0.000010 2
0.000087 95
0.000010 2
0.000088 95
0.000010 2
0.000090 95
0.000010 2
0.018034 95
0.000072 2
0.000183 95
0.000011 2
0.000129 95
0.000011 2
0.000100 95
0.000010 2
0.000217 95
0.000013 2
0.042254 97
0.005642 679
0.007394 97
0.013193 97
0.053775 194
0.024871 97
0.005522 388
0.046267 97
0.017466 1649
0.058996 582
0.006918 194
0.000110 97
0.015485 388
0.012849 485
0.033894 97
0.018838 194
0.045924 873
0.027961 97
0.057312 97
0.061471 97
0.022371 1164
0.012248 1067
0.014382 194
0.027641 291
0.006589 194
0.012543 194
0.005334 97
0.012099 388
0.005773 97
0.006297 194
0.029919 97
0.055683 194
0.006973 291
0.042893 97
0.053113 194
0.006371 291
0.007826 194
0.013962 97
0.025030 194
0.017434 97
0.017269 1358
0.008630 97
0.003216 97
0.034752 97
0.010847 97
0.001577 97
0.000275 97
0.000197 97
0.000201 97
0.000235 97
0.000136 97
0.000186 98
0.000171 22
0.004938 115
0.001497 22
0.012415 105
0.018560 111
0.197681 98
0.859880 68
0.000252 57
0.000331 66
0.000284 22
0.309822 99
0.577399 100
0.333082 100
0.025330 100
0.061154 99
0.793367 100
0.000288 100
0.001388 100
0.001864 99
0.000718 100
0.017804 100
0.025630 199
0.173005 99
0.076109 99
0.062611 100
0.000323 100
0.000248 100
0.001948 98
0.000811 98
0.125665 98
0.006463 98
0.013239 98
0.049007 98
0.008676 98
0.000189 98
0.000229 98
0.000300 98
0.000307 98
0.000152 98
0.019024 98
0.000282 98
0.000872 98
0.004404 196
0.004780 98
0.005588 98
0.012919 588
0.045333 196
0.035266 98
0.119577 98
0.027000 98
0.009266 98
0.005022 98
0.001662 196
0.000409 98
0.000346 98
0.000306 98
0.000162 98
0.000261 98
0.000179 98
0.000082 98
0.014051 98
0.000400 98
0.075894 98
0.003433 98
0.041802 96
0.010456 2
0.005766 98
0.002043 98
0.005203 98
0.004729 98
0.000219 98
0.000233 98
0.000734 98
0.000230 98
0.000162 98
0.000598 98
0.000264 98
0.003650 98
0.014561 98
0.001738 98
0.085312 96
0.000082 2
0.078171 98
0.012039 98
0.019859 98
0.014256 98
0.145797 98
0.047465 96
0.000044 2
0.000271 96
0.000020 2
0.000436 96
0.042515 100
0.000382 98
0.000600 98
0.008978 392
0.113247 294
0.039459 98
0.000187 98
0.015829 196
0.015732 98
0.052098 196
0.073891 98
0.030189 98
0.026253 196
0.050719 294
0.050342 196
0.030883 196
0.076701 196
0.004293 98
0.031263 490
0.112218 98
0.026882 96
0.000374 2
0.001944 96
0.000344 2
0.002039 96
0.000276 2
0.006730 96
0.000046 2
0.000968 98
0.000142 98
0.000162 98
0.000207 98
0.137232 98
0.079055 96
0.000349 2
0.067795 98
0.067379 98
0.008111 98
0.006791 392
0.006812 98
0.039035 98
0.006223 98
0.000727 96
0.000294 2
0.001847 294
0.020308 98
0.042478 98
0.047831 196
0.009127 98
0.012227 98
0.059430 98
0.011358 96
0.000245 2
0.014053 98
0.000234 98
0.000211 98
0.048726 98
0.000173 98
0.000195 98
0.000147 98
0.046658 98
0.000670 98
0.003596 98
0.012800 98
0.000238 98
0.000173 98
0.000161 98
0.001083 98
0.000435 98
0.000236 98
0.000155 98
0.000168 98
0.000256 196
0.139139 98
0.014178 98
0.003866 98
0.000098 98
0.000228 98
0.000119 98
0.000154 98
0.003394 98
0.000224 98
0.007794 98
0.007103 98
0.039228 98
0.002026 98
0.012402 98
0.010079 98
0.006037 196
0.001793 98
0.003269 98
0.054554 196
0.013349 98
0.002715 98
0.056619 98
0.006622 98
0.010083 98
0.007173 98
0.000180 98
0.037524 98
0.011270 98
0.000825 98
0.000471 98
0.001029 98
0.005393 98
0.111498 98
0.006497 98
0.001845 98
0.103582 98
0.005237 98
0.006785 98
0.001289 98
0.005203 98
0.004556 98
0.002836 98
0.126676 98
0.000215 98
0.020959 98
0.006184 98
0.020878 98
0.009631 392
0.009583 392
0.013366 98
0.042193 98
0.052969 98
0.000130 98
0.043202 490
0.028267 882
0.038961 196
0.007980 196
0.012970 196
0.033243 98
0.008171 98
0.008813 98
0.010046 196
0.004085 98
0.022257 98
0.005256 98
0.034537 98
0.044796 294
0.000023 98
0.000978 392
0.012183 392
0.009429 196
0.000127 98
0.000133 98
0.011095 196
0.004709 98
0.053098 98
0.055314 98
0.000426 98
0.656755 98
0.009671 98
0.030525 98
0.000131 98
0.030899 98
0.144254 294
0.020230 588
0.001658 1470
0.000863 294
0.000185 98
0.005101 784
0.020062 98
0.001720 784
0.004728 1274
0.060300 95
0.000422 196
0.040473 776
0.042750 97
0.038875 679
0.019708 194
0.017378 291
0.011813 291
0.042400 873
0.009178 194
0.058808 388
0.040916 97
0.009119 97
0.074480 97
0.004653 194
0.018309 679
0.014841 97
0.005307 97
0.016088 97
0.003228 776
0.039672 194
0.012870 97
0.000251 97
0.000168 97
0.132935 97
0.000217 582
0.003171 97
0.160063 97
0.092670 1164
0.021170 97
0.005323 582
0.006437 291
0.005780 97
0.109862 97
0.012602 1067
0.006522 97
0.002168 194
0.105290 97
0.013210 291
0.101643 97
0.002605 97
0.001798 97
0.030006 97
0.025575 97
0.084592 194
0.007101 97
0.076185 97
0.010903 97
0.135289 97
0.015452 291
0.018155 97
0.010529 582
0.034132 97
0.059928 97
0.001839 97
0.000776 97
0.000212 97
0.000579 97
0.005046 97
0.005136 97
0.070627 97
0.009673 194
0.072802 97
0.004117 97
0.010617 97
0.056312 485
0.006832 485
0.010694 97
0.054005 97
0.000388 97
0.006345 97
0.004376 97
0.009609 97
0.023365 97
0.031374 97
0.008497 1455
0.013913 291
0.015025 194
0.047202 1358
0.616535 194
0.032561 1067
0.097214 582
0.031256 582
0.013753 194
0.021396 679
0.004728 97
0.026965 97
0.014721 97
0.017743 291
0.001112 582
0.070355 95
0.031201 2
0.000032 194
0.052849 97
0.001120 97
0.001123 97
0.000518 97
0.000342 97
0.004091 97
0.000338 97
0.000123 97
0.000122 97
0.000156 97
0.000137 97
0.000136 97
0.000429 97
0.000116 97
0.000378 97
0.000165 97
0.000128 97
0.000111 97
0.030111 97
0.026623 97
0.001569 97
0.000129 97
0.000866 97
0.000915 97
0.000171 97
0.000144 97
0.004285 97
0.005030 97
0.006000 97
0.052708 97
0.000326 97
0.016517 97
0.043260 97
0.004495 388
0.005306 97
0.003922 97
0.003650 97
0.000129 97
0.011122 97
0.406857 97
0.073237 485
0.027915 97
0.032283 485
0.014460 97
0.011900 97
0.028921 388
0.001165 95
0.002689 2
0.000300 97
0.000282 97
0.000137 97
0.000126 97
0.000131 97
0.000129 97
0.000127 97
0.098332 679
0.024796 97
0.012890 97
0.036050 97
0.091248 194
0.001145 388
0.001099 95
0.000032 2
0.092631 97
0.038782 97
0.073986 1455
0.000722 95
0.000014 2
0.000308 95
0.000013 2
0.000148 95
0.000010 2
0.000100 95
0.000010 2
0.035499 97
0.017228 97
0.039518 291
0.015943 97
0.012370 97
0.000374 97
0.000278 97
0.000230 97
0.243530 97
0.052822 291
0.015504 95
0.000019 2
0.045459 97
0.002929 97
0.003551 97
0.065976 95
0.000247 2
0.166275 97
0.000742 97
0.000707 97
0.001813 97
0.003866 97
0.000816 97
0.001229 97
0.002749 97
0.001553 97
0.000387 97
0.000874 97
0.001042 97
0.000426 97
0.000815 97
0.000697 97
0.000348 97
0.000238 97
0.000283 97
0.000319 97
0.013357 95
0.000017 2
0.000341 97
0.000092 97
0.000123 97
0.000599 97
0.000112 97
0.000114 97
0.000108 97
0.000104 97
0.000107 97
0.000128 97
0.000568 97
0.000114 97
0.000110 97
0.000121 97
0.000132 97
0.000109 97
0.000109 97
0.035226 97
0.015843 97
0.008167 97
0.003957 97
0.012529 97
0.042559 97
0.011811 97
0.006228 194
0.000044 97
0.015321 97
0.034820 97
0.001439 97
0.037506 97
0.078400 97
0.007279 97
0.024501 97
0.000228 97
0.000253 97
0.009394 97
0.003987 97
0.041454 97
0.009746 97
0.002520 97
0.001086 97
0.000800 97
0.085561 97
0.012898 97
0.002674 98
0.006653 22
0.000571 115
0.000541 22
0.000600 29
0.000327 33
0.000308 88
0.001127 22
0.001285 29
0.000357 33
0.000260 88
0.000222 22
0.000243 29
0.000216 33
0.000358 88
0.000230 22
0.000219 29
0.000212 33
0.000247 88
0.000680 63
0.000272 59
0.000225 59
0.000318 59
0.000227 59
0.044688 131
0.307949 111
0.217786 105
1.049623 71
0.002469 124
0.000162 127
0.004649 74
6.082897 75
0.023451 292
0.001673 63
0.000790 295
0.157088 150
0.198380 144
0.819031 186
0.010552 22
0.299216 98
0.151893 98
0.149587 98
0.132369 98
0.012614 98
0.043354 98
0.224781 98
0.004726 98
0.001159 98
0.001926 98
0.004365 98
0.161987 98
0.034988 98
0.042854 98
0.006787 98
0.005489 98
0.000237 292
0.000272 194
0.072291 97
0.144586 97
0.011047 582
0.182010 97
0.099263 97
0.123382 97
0.089580 95
0.000467 196
0.001115 95
0.000596 2
0.000501 97
0.001675 97
0.000294 97
0.000342 97
0.149381 97
0.079267 1455
0.075344 97
0.027009 679
0.065800 97
0.056808 97
0.025855 679
0.018848 291
0.009126 291
0.022619 97
0.004045 97
0.014973 97
0.007155 97
0.006092 97
0.004937 97
0.033505 97
0.001159 97
0.001207 97
0.057175 485
0.024020 97
0.205892 97
0.013825 97
0.021058 97
0.063048 485
0.009739 194
0.058117 194
0.017602 679
0.009345 582
0.009820 97
0.007622 97
0.019903 97
0.028933 485
0.107782 97
0.007985 485
0.002128 97
0.039595 97
0.001825 97
0.174704 291
0.011535 194
0.160255 340
0.050422 73
9.808971 39
15.225943 35
0.000263 50
0.007843 37
0.006728 93
0.002777 30
0.010891 22
0.021786 264
2.676414 34
0.000059 36
0.000234 44
0.000184 29
0.000142 22
0.000152 86
0.000145 86
0.000154 86
0.000152 86
0.000134 86
0.000129 22
0.000133 50
0.000139 22
0.000142 35
0.000131 36
0.000132 44
0.000367 29
0.000132 22
0.000167 61
0.000134 61
0.000127 61
0.000161 61
0.000134 61
0.000123 22
0.000127 50
0.000118 22
0.000222 35
0.000136 36
0.000127 44
0.000126 29
0.000122 22
0.000131 61
0.000130 61
0.000122 61
0.000265 61
0.000165 61
0.000136 22
0.000141 50
0.000148 22
0.001419 35
0.000271 36
0.000150 44
0.000142 29
0.000127 22
0.000193 61
0.000137 61
0.000133 61
0.000144 61
0.000172 61
0.000130 22
0.000203 50
0.000178 22
0.000139 35
0.000139 36
0.000136 44
0.000127 29
0.000308 22
0.000467 61
0.000183 61
0.000145 61
0.000135 61
0.000174 61
0.000123 22
0.000313 50
0.075300 96
0.000158 91
0.000162 91
0.000132 97
0.000132 91
0.000141 91
0.000143 97
0.000136 97
0.000129 97
0.000155 97
0.000138 97
0.000131 97
0.000140 97
0.000133 97
0.000132 97
0.000131 91
0.000177 91
0.000160 91
0.000166 91
0.000144 97
0.000363 97
0.000265 91
0.001263 91
0.000227 91
0.000150 91
0.000160 97
0.000140 91
0.000136 91
0.001908 97
0.000226 95
0.000220 95
0.000179 95
0.000117 95
0.000122 95
0.000132 95
0.000115 95
0.000136 95
0.000144 95
0.000109 95
0.000143 95
0.000305 95
0.000313 95
0.000136 95
0.003138 570
0.000138 95
0.000108 95
0.000109 95
0.000244 95
0.000135 95
0.000133 95
0.126424 52
0.004025 47
0.051190 52
0.004562 53
0.002857 55
0.000406 54
0.005147 57
0.000056 56
0.183760 131
0.073506 111
0.173877 105
0.797469 71
0.000627 124
0.000499 127
0.014528 74
3.435967 75
0.004538 292
0.001641 63
0.001910 295
0.189048 150
0.195205 144
0.942275 68
0.030590 71
0.072065 76
0.218916 98
0.165287 98
0.197614 98
0.114072 98
0.118977 98
0.140854 96
0.001254 2
0.004971 98
0.000188 98
0.000150 98
0.093353 98
0.027952 98
0.210779 98
0.164744 98
0.016739 98
0.000447 97
0.010017 97
0.001534 97
0.000754 97
0.000157 97
0.000149 97
0.000335 97
0.000317 97
0.000130 97
0.000174 97
0.000115 97
0.096108 97
0.004645 97
0.008490 97
0.026386 97
0.012889 194
0.040698 97
0.146749 97
0.097839 97
0.017457 97
0.089436 194
0.074474 291
0.013511 97
0.007401 194
0.000254 97
0.000135 97
0.021747 97
0.064302 97
0.102240 97
0.072689 97
0.030486 873
0.001590 97
0.000214 95
0.000015 2
0.000104 97
0.000134 97
0.109841 97
0.000189 97
0.000132 97
0.000241 97
0.000062 97
0.000124 97
0.062954 95
0.000331 2
0.001511 97
0.006999 97
0.000046 97
0.000457 97
0.000804 97
0.000127 97
0.000514 97
0.017866 97
0.093650 388
0.011194 97
0.060817 97
0.052245 97
0.050907 97
0.001166 291
0.009414 291
0.016135 97
0.000036 97
0.057653 1164
0.064973 342
4.244526 63
0.018252 61
0.297460 8
0.000049 74
30.969027 1
0.350913 1
0.020733 1
0.018727 1
0.021503 1
0.007726 1
0.230705 1
0.253053 1
3.558481 4
0.343020 4
0.023629 4
0.018135 4
0.018887 4
0.026856 4
0.019161 4
0.026513 4
0.023123 1
0.020022 1
0.020047 1
0.019620 1
0.023510 1
0.033313 1
0.019494 1
0.019135 1
0.028225 1
0.021120 1
0.020618 1
0.019329 1
0.019783 1
0.019349 1
0.018918 1
0.019484 1
0.020191 1
0.020798 1
2.411056 1
0.685826 1
2.018627 1
0.451149 1
0.346593 1
0.021862 1
1.775705 11
0.112644 44
0.008806 82
3.302495 6
2.283925 4
1.726681 4
1.854167 17
